# Ecliptic latitude [deg], Zodiacal light λ*I_λ [nW/m2/sr] at 1.25 um
     -90.0000       255.15779
     -89.0000       253.40020
     -88.0000       251.79900
     -87.0000       250.34973
     -86.0000       249.04814
     -85.0000       247.89016
     -84.0000       246.87208
     -83.0000       245.99041
     -82.0000       245.24200
     -81.0000       244.62403
     -80.0000       244.13396
     -79.0000       243.76957
     -78.0000       243.52837
     -77.0000       243.40830
     -76.0000       243.40796
     -75.0000       243.52618
     -74.0000       243.76204
     -73.0000       244.11486
     -72.0000       244.58416
     -71.0000       245.16966
     -70.0000       245.87132
     -69.0000       246.68924
     -68.0000       247.62374
     -67.0000       248.67529
     -66.0000       249.84457
     -65.0000       251.13191
     -64.0000       252.53708
     -63.0000       254.06113
     -62.0000       255.70543
     -61.0000       257.47149
     -60.0000       259.36106
     -59.0000       261.37609
     -58.0000       263.51876
     -57.0000       265.79155
     -56.0000       268.19638
     -55.0000       270.73443
     -54.0000       273.40895
     -53.0000       276.22367
     -52.0000       279.18275
     -51.0000       282.29087
     -50.0000       285.55324
     -49.0000       288.97354
     -48.0000       292.55621
     -47.0000       296.30757
     -46.0000       300.23410
     -45.0000       304.34236
     -44.0000       308.63721
     -43.0000       313.12125
     -42.0000       317.79951
     -41.0000       322.67662
     -40.0000       327.75590
     -39.0000       333.03701
     -38.0000       338.52314
     -37.0000       344.21839
     -36.0000       350.12419
     -35.0000       356.24358
     -34.0000       362.58416
     -33.0000       369.15149
     -32.0000       375.95530
     -31.0000       383.00981
     -30.0000       390.32804
     -29.0000       397.93001
     -28.0000       405.83137
     -27.0000       414.04966
     -26.0000       422.59313
     -25.0000       431.46176
     -24.0000       440.64328
     -23.0000       450.10968
     -22.0000       459.82015
     -21.0000       469.72670
     -20.0000       479.05362
     -19.0000       489.13489
     -18.0000       499.36852
     -17.0000       509.70679
     -16.0000       520.14116
     -15.0000       530.64839
     -14.0000       541.16926
     -13.0000       551.43367
     -12.0000       561.45177
     -11.0000       570.93677
     -10.0000       579.97256
     -9.00000       588.85727
     -8.00000       597.92163
     -7.00000       607.40329
     -6.00000       617.44834
     -5.00000       628.19714
     -4.00000       639.91608
     -3.00000       653.21470
     -2.00000       669.38375
     -1.00000       686.27676
      0.00000       691.82538
      1.00000       687.27111
      2.00000       681.90425
      3.00000       676.43964
      4.00000       670.39150
      5.00000       660.91935
      6.00000       650.75251
      7.00000       640.87160
      8.00000       631.34852
      9.00000       622.29552
      10.0000       613.55065
      11.0000       604.73712
      12.0000       595.64389
      13.0000       586.06302
      14.0000       576.16723
      15.0000       565.87829
      16.0000       555.51350
      17.0000       545.16347
      18.0000       534.85412
      19.0000       524.60155
      20.0000       514.44442
      21.0000       504.97048
      22.0000       494.85434
      23.0000       484.87820
      24.0000       475.08607
      25.0000       465.52218
      26.0000       456.23558
      27.0000       447.25387
      28.0000       438.58029
      29.0000       430.21463
      30.0000       422.15931
      31.0000       414.40151
      32.0000       406.92048
      33.0000       399.69451
      34.0000       392.70621
      35.0000       385.95445
      36.0000       379.43623
      37.0000       373.14775
      38.0000       367.08005
      39.0000       361.21930
      40.0000       355.56046
      41.0000       350.10168
      42.0000       344.84356
      43.0000       339.79096
      44.0000       334.94861
      45.0000       330.31390
      46.0000       325.88058
      47.0000       321.64159
      48.0000       317.58977
      49.0000       313.71503
      50.0000       310.00879
      51.0000       306.46445
      52.0000       303.07945
      53.0000       299.85259
      54.0000       296.78108
      55.0000       293.86250
      56.0000       291.09441
      57.0000       288.47407
      58.0000       285.99962
      59.0000       283.66965
      60.0000       281.47994
      61.0000       279.42604
      62.0000       277.50496
      63.0000       275.71330
      64.0000       274.04820
      65.0000       272.50735
      66.0000       271.09001
      67.0000       269.79645
      68.0000       268.62585
      69.0000       267.57769
      70.0000       266.65181
      71.0000       265.84833
      72.0000       265.16756
      73.0000       264.61006
      74.0000       264.17654
      75.0000       263.86795
      76.0000       263.68537
      77.0000       263.63044
      78.0000       263.70575
      79.0000       263.91306
      80.0000       264.25426
      81.0000       264.73151
      82.0000       265.34725
      83.0000       266.10426
      84.0000       267.00562
      85.0000       268.05477
      86.0000       269.25551
      87.0000       270.61190
      88.0000       272.12837
      89.0000       273.80956
      90.0000       275.66031
