# Zodiacal light at ecliptic plane (Ecliptic latitude = 0 deg)
# Wavelength [um], Zodiacal light λ*I_λ [nW/m2/sr], Error [nW/m2/sr]
      0.22499999       13.105114       13.010723
      0.27399999       46.342613       7.6906267
      0.31900001       182.02160       8.6807326
      0.36899999       377.28276       9.5550046
      0.41800001       634.93925       9.8390739
      0.47200000       894.23394       10.263109
      0.55000001       1018.8383       10.647155
      0.64800000       1033.8037       11.887545
      0.80000001       889.99218       21.381806
      0.82999998       874.13394       18.997555
      0.86000001       854.20769       17.291759
      0.89999998       829.93768       15.503225
      0.94999999       806.15032       14.022892
       1.0000000       830.07560       12.302618
       1.0500000       802.97872       12.281243
       1.1100000       753.12870       11.277348
       1.1799999       724.03221       9.3033410
       1.2500000       689.48884       8.2663499
       1.3300000       641.57625       10.645776
       1.4200000       590.68509       12.041301
       1.5100000       571.43456       10.301031
       1.6300000       525.12367       8.6166102
       1.7300000       441.48799       7.8526565
       1.8300000       376.10029       7.5872034
       1.9299999       330.05486       7.4679217
       2.0300000       292.86314       7.2259112
       2.1400001       256.45607       7.1031821
       2.2400000       226.08408       6.9563210
       2.3399999       192.33775       7.1224879
       2.4400001       179.62219       7.4299998
       2.5882003       121.54114       16.272566
       2.7102845       106.90563       15.960659
       2.8178439       115.44327       17.192399
       2.9150860       105.27430       16.117819
       3.0045099       104.36680       15.604665
       3.0877438       89.032141       15.120805
       3.1659191       93.943351       15.843796
       3.2398593       87.941940       16.586887
       3.3101859       91.198351       16.744829
       3.3773828       88.329912       18.010943
       3.4418335       92.461170       17.837190
       3.5038488       91.276545       17.903742
       3.5636866       92.116504       17.029355
       3.6215613       84.229575       17.436257
       3.6776533       93.590963       17.392489
       3.7321186       92.103836       16.481182
       3.7850912       91.007179       16.907198
       3.8366871       80.833334       16.126230
       3.8870087       88.971335       17.581030
       3.9361455       85.452562       17.065549
       3.9841776       91.600512       16.703727
       4.0311766       86.000695       15.529790
       4.0772057       95.384861       16.433445
       4.1223235       90.535763       15.574035
       4.1665821       95.232777       14.196038
       4.2100277       93.682711       13.490568
       4.2527046       97.232677       16.062637
       4.2946520       99.279623       16.873094
       4.3359056       112.02506       16.223882
       4.3764992       101.64314       13.429192
       4.4164634       118.04803       16.198988
       4.4558258       117.01373       14.533844
       4.4946141       123.99195       15.833135
       4.5328522       122.37956       14.925124
       4.5705628       129.03570       15.276735
       4.6077671       125.95330       14.058033
       4.6444850       141.31858       16.294952
       4.6807351       131.04965       14.179743
       4.7165346       152.17201       14.743626
       4.7519002       153.59880       17.261012
       4.7868476       167.31921       17.221237
       4.8213906       157.62986       15.133192
       4.8555431       170.70315       16.049905
       4.8893185       175.16419       15.642599
       4.9227290       194.35912       16.388028
       4.9557853       194.30322       18.513088
