     -90.0000      345.6928
     -85.0000      335.8465
     -80.0000      330.7575
     -75.0000      329.9340
     -70.0000      333.1113
     -65.0000      340.2384
     -60.0000      351.3875
     -55.0000      366.7963
     -50.0000      386.8731
     -45.0000      412.3290
     -40.0000      444.0501
     -35.0000      482.6458
     -30.0000      528.8241
     -25.0000      584.5529
     -20.0000      649.0312
     -15.0000      718.9329
     -10.0000      785.7582
      -5.0000      851.0938
      -0.0000      937.2986
       5.0000      895.4265
      10.0000      831.2505
      15.0000      766.6630
      20.0000      696.9794
      25.0000      630.6986
      30.0000      571.9497
      35.0000      522.8987
      40.0000      481.7203
      45.0000      447.5158
      50.0000      420.0060
      55.0000      398.1307
      60.0000      381.3545
      65.0000      369.1983
      70.0000      361.2651
      75.0000      357.4935
      80.0000      358.0169
      85.0000      363.1659
      90.0000      373.4700
