     -90.0000       82.1393
     -85.0000       79.7997
     -80.0000       78.5906
     -75.0000       78.3949
     -70.0000       79.1498
     -65.0000       80.8433
     -60.0000       83.4924
     -55.0000       87.1537
     -50.0000       91.9241
     -45.0000       97.9726
     -40.0000      105.5098
     -35.0000      114.6804
     -30.0000      125.6527
     -25.0000      138.8943
     -20.0000      154.2149
     -15.0000      170.8240
     -10.0000      186.7023
      -5.0000      202.2265
      -0.0000      222.7094
       5.0000      212.7603
      10.0000      197.5116
      15.0000      182.1651
      20.0000      165.6077
      25.0000      149.8589
      30.0000      135.8997
      35.0000      124.2448
      40.0000      114.4605
      45.0000      106.3332
      50.0000       99.7967
      55.0000       94.5989
      60.0000       90.6128
      65.0000       87.7244
      70.0000       85.8394
      75.0000       84.9432
      80.0000       85.0676
      85.0000       86.2910
      90.0000       88.7394
