     -90.0000      254.2960
     -85.0000      247.0529
     -80.0000      243.3094
     -75.0000      242.7037
     -70.0000      245.0409
     -65.0000      250.2837
     -60.0000      258.4851
     -55.0000      269.8201
     -50.0000      284.5888
     -45.0000      303.3145
     -40.0000      326.6490
     -35.0000      355.0404
     -30.0000      389.0098
     -25.0000      430.0046
     -20.0000      477.4357
     -15.0000      528.8562
     -10.0000      578.0138
      -5.0000      626.0755
      -0.0000      689.4888
       5.0000      658.6872
      10.0000      611.4785
      15.0000      563.9671
      20.0000      512.7070
      25.0000      463.9499
      30.0000      420.7335
      35.0000      384.6509
      40.0000      354.3596
      45.0000      329.1983
      50.0000      308.9618
      55.0000      292.8700
      60.0000      280.5293
      65.0000      271.5870
      70.0000      265.7512
      75.0000      262.9768
      80.0000      263.3618
      85.0000      267.1495
      90.0000      274.7293
