     -90.0000      158.0056
     -85.0000      153.5051
     -80.0000      151.1791
     -75.0000      150.8027
     -70.0000      152.2550
     -65.0000      155.5126
     -60.0000      160.6084
     -55.0000      167.6513
     -50.0000      176.8278
     -45.0000      188.4629
     -40.0000      202.9617
     -35.0000      220.6026
     -30.0000      241.7093
     -25.0000      267.1812
     -20.0000      296.6523
     -15.0000      328.6022
     -10.0000      359.1460
      -5.0000      389.0089
      -0.0000      428.4104
       5.0000      409.2720
      10.0000      379.9391
      15.0000      350.4182
      20.0000      318.5679
      25.0000      288.2730
      30.0000      261.4207
      35.0000      239.0009
      40.0000      220.1796
      45.0000      204.5457
      50.0000      191.9719
      55.0000      181.9733
      60.0000      174.3055
      65.0000      168.7492
      70.0000      165.1232
      75.0000      163.3993
      80.0000      163.6385
      85.0000      165.9920
      90.0000      170.7017
